 C                  0.73301600   -1.43161200   -0.44814400
 C                  1.56522900   -0.50737900   -1.07485200
 C                  1.77853800    0.58072400   -0.21410800
 C                  1.46275000    0.07203600    1.18069600
 C                  0.43473700   -0.97328700    0.83353200
 C                 -0.02023600    1.59769700   -0.37204100
 C                 -0.94572400    0.80508400    0.30846600
 C                 -1.96002800    0.04108900   -0.39948000
 H                  2.34766200   -0.43148300    1.57158100
 H                  1.15306300    0.81561100    1.89564400
 H                  2.51780500    1.33637900   -0.39532000
 H                  1.88554000   -0.55467800   -2.09572500
 H                 -0.15371500   -1.50133300    1.55516700
 H                  0.29921300   -2.29355000   -0.91098200
 H                 -1.16459800    1.00025900    1.34097900
 H                  0.35390100    2.48378900    0.10615200
 H                 -0.08765000    1.68211800   -1.44057900
 O                 -2.95647000   -0.44337800    0.11918400
 H                 -1.78915100   -0.09620800   -1.46480200
