 C                  1.37299700   -1.18493700   -0.72147400
 C                  2.12567800   -0.02149000   -0.57604300
 C                  1.60520700    0.73730100    0.48446600
 C                  0.80987700   -0.23651400    1.33305400
 C                  0.39341400   -1.21457400    0.26525800
 C                 -0.08220200    1.56191900   -0.38341100
 C                 -0.92803500    0.48307000   -0.64896600
 C                 -2.09054800    0.21387100    0.18062200
 H                  1.49890400   -0.74066900    2.01101600
 H                  0.01552900    0.19008600    1.92162900
 H                  2.11379400    1.58276600    0.90543000
 H                  2.89463400    0.30595400   -1.24575200
 H                 -0.31081800   -2.00637400    0.41709000
 H                  1.45598200   -1.88193000   -1.52924200
 H                  0.40037500    2.06547800   -1.19672700
 H                 -0.96018200    0.04941600   -1.62767500
 H                 -0.31767900    2.21046100    0.44370000
 O                 -2.98543900   -0.57153600   -0.10227500
 H                 -2.14534100    0.76521400    1.11769700
