 C                  1.62367000    0.27449400    0.92715000
 H                  2.57927900   -0.17498400    1.20033600
 H                  1.47795500    1.15640000    1.53458700
 C                  1.61170200    0.48517000   -0.56757700
 H                  2.28263100    1.16531900   -1.06119700
 C                  1.21530200   -0.73192400   -1.12306400
 H                  1.28181000   -0.98447900   -2.16506500
 C                  0.56258200   -0.78054000    1.03492000
 H                  0.17917900   -1.15094900    1.96690200
 C                  0.56331100   -1.48840400   -0.15535900
 H                  0.02688400   -2.40013400   -0.33452900
 C                 -0.19757700    1.52822100   -0.51006800
 C                 -0.94825000    0.86651800    0.45659400
 C                 -2.07420200    0.06094800    0.07244800
 N                 -2.96469300   -0.58043000   -0.23258100
 H                 -0.99493200    1.24948300    1.45818600
 H                  0.26797100    2.45875100   -0.24071800
 H                 -0.48715400    1.45670900   -1.54070600
