 C                  0.54582300   -0.53806100    1.22497300
 H                  1.17037600   -1.14586000    1.88131400
 H                 -0.38683100   -0.34073200    1.73147400
 C                  1.34922700    0.66400000    0.79616200
 H                  1.67484400    1.42007400    1.48804800
 C                  2.12062700    0.24273200   -0.28943000
 H                  2.93974600    0.79373800   -0.71380100
 C                  0.43890600   -1.24746800   -0.09196600
 H                 -0.16586600   -2.12030500   -0.24896200
 C                  1.55569100   -0.90347200   -0.83673900
 H                  1.85835600   -1.37016300   -1.75534200
 C                 -0.26847100    1.54731700   -0.18736300
 C                 -0.93965000    0.48315300   -0.78388500
 H                  0.27631400    2.22681300   -0.81289400
 H                 -0.83505400    0.29724900   -1.83403100
 C                 -2.15306200   -0.02463000   -0.20649800
 N                 -3.10522500   -0.44237200    0.25961200
 H                 -0.68985800    1.99437200    0.69538600
