 C                 -1.89812000   -0.02400800   -1.00039500
 H                 -2.89723200   -0.44683800   -1.10037600
 H                 -1.71771600    0.60758700   -1.85494700
 C                 -1.78609500    0.65492100    0.36068400
 H                 -2.46450200    1.43080400    0.66105300
 C                 -1.36390100   -0.35024600    1.25171700
 H                 -1.35887100   -0.26263300    2.31803200
 C                 -0.91440500   -1.14136200   -0.81202300
 H                 -0.53186600   -1.74974500   -1.60479800
 C                 -0.80468400   -1.41318100    0.53271900
 H                 -0.26483900   -2.22838900    0.96273300
 C                 -0.12701600    1.63638900   -0.00956700
 C                  0.72213600    0.77768600   -0.71080600
 H                  0.85876800    0.77295000   -1.76696800
 H                 -0.58595400    2.42268200   -0.57979800
 H                  0.15912600    1.92077400    0.98224300
 N                  1.70655600    0.07524200   -0.01974100
 O                  1.69287000    0.09196900    1.22610300
 O                  2.54334300   -0.57135400   -0.67022300
