 C                 -0.89213400   -0.13553800    1.32714900
 H                 -1.54388600    0.01279500    2.18891500
 H                  0.03625500   -0.55167400    1.67586000
 C                 -1.64577800   -0.95498800    0.29430300
 H                 -2.00126000   -1.94568200    0.50170000
 C                 -2.38272000   -0.02830100   -0.46721200
 H                 -3.16566600   -0.28344200   -1.15234300
 C                 -0.78447700    1.16663000    0.59159600
 H                 -0.16000500    1.98088000    0.89717500
 C                 -1.83249900    1.24340700   -0.31314800
 H                 -2.10360300    2.11127700   -0.87661500
 C                 -0.05620100   -1.27037200   -0.90357200
 C                  0.67991900   -0.08634500   -0.90724900
 H                 -0.56504100   -1.53745600   -1.80725000
 H                  0.65243900    0.63714700   -1.68684900
 H                  0.34006000   -2.10207900   -0.35381500
 N                  1.83440000    0.04409400   -0.11100500
 O                  2.54392500    1.04102500   -0.28646000
 O                  2.10023000   -0.82069800    0.74384100